32.0
12.6
13.1
14.3
5.2
68.7
13.9
20.8
18.4
14.0
7.0
9.4
5.0
27.1
45.5
21.6
11.1
6.9
21.8
3.6
7.1
3.2
2.5
2.4
2.1
19.6
0.8
27.1
7.5
15.5
31.1
6.6
7.7
7.0
8.2
9.8
2.8
8.7
3.2
2.1
2.0
5.0
2.5
5.0
6.5
3.3
2.3
1.8
3.2
2.6
3.1
2.9
2.7
2.9
2.3
2.8
6.5
31.6
15.7
5.6
23.1
12.6
12.7
8.4
26.0
7.8
3.5
5.7
7.6
2.9
3.0
8.0
6.5
6.7
4.0
10.8
2.3
33.0
2.6
1.5
2.8
21.9
2.0
10.7
2.5
2.7
6.6
2.4
15.9
19.5
6.1
13.6
15.2
3.3
19.0
2.4
12.7
4.7
2.0
3.0
0.4
4.0
2.3
3.3
3.2
2.7
18.5
2.2
1.9
64.8
6.5
32.8
3.0
3.6
17.9
16.0
1.1
0.7
6.1
65.4
3.4
9.5
2.8
4.2
6.3
6.9
5.9
3.0
5.2
3.7
4.0
4.3
2.3
2.0
3.0
4.8
0.1
40.2
4.8
55.7
7.6
28.4
13.2
10.4
41.1
9.3
1.4
37.4
19.8
47.4
2.0
1.9
2.1
2.0
10.3
6.9
5.2
4.1
1.9
4.3
2.9
6.0
1.5
1.6
17.3
8.1
17.1
39.8
6.8
7.9
4.0
4.8
4.4
2.4
3.9
2.8
2.8
5.2
1.8
2.4
1.9
28.1
29.5
51.4
24.9
22.3
11.2
17.8
8.2
7.0
295.0
23.9
4.9
11.8
7.8
2.7
2.7
2.6
2.2
3.0
3.2
2.9
9.7
2.3
1.8
4.3
1.3
5.3
2.4
20.0
4.9
1.1
6.1
2.2
2.1
11.6
5.6
7.8
8.0
13.8
15.9
55.3
1.8
11.5
1.7
11.9
1.8
3.5
4.0
10.3
1.9
1.5
2.3
1.3
32.4
10.8
25.7
4.6
26.0
54.0
18.8
12.5
21.8
17.4
19.0
44.4
4.3
1.2
51.7
12.1
167.5
26.0
10.0
2.5
34.4
7.6
39.6
48.3
4.5
4.0
3.6
3.5
3.8
40.6
4.2
5.0
25.6
21.4
16.5
6.7
1.5
3.0
2.9
4.6
2.1
2.6
2.8
1.8
13.2
4.3
8.8
2.3
1.7
5.6
20.7
11.9
10.2
10.7
52.7
14.1
22.5
7.1
6.7
8.3
0.4
4.8
2.8
2.8
1.1
0.6
45.7
16.6
7.8
3.8
5.1
5.2
69.0
31.1
12.8
8.0
15.3
25.7
7.6
5.1
31.7
6.6
5.1
9.8
16.8
4.2
2.7
2.0
3.3
3.4
3.2
2.3
3.5
1.7
20.8
6.6
12.0
5.8
8.4
1.6
4.8
1.6
262.1
25.3
12.3
15.6
8.3
7.4
9.5
5.9
5.1
4.8
5.4
8.1
4.2
7.5
14.5
4.4
32.3
19.6
12.5
11.3
20.5
12.8
3.5
1.5
2.0
3.1
5.1
3.3
1.8
1.0
2.0
40.5
3.8
2.5
1.3
1.6
1.9
1.6
1.6
1.8
1.3
1.2
1.8
1.4
1.2
1.4
1.3
1.6
1.1
1.1
1.0
16.0
17.6
22.4
3.6
6.9
2.2
3.7
2.9
16.9
4.3
2.8
1.9
5.3
9.3
5.2
4.0
3.9
2.0
11.0
1.6
20.0
3.5
2.3
8.8
2.2
1.6
1.9
1.7
1.7
3.9
27.2
2.2
4.0
43.8
2.8
3.5
2.7
13.4
5.6
10.0
2.1
46.6
27.6
15.6
5.2
5.3
6.4
3.1
15.0
17.4
3.4
9.4
20.5
8.5
31.2
33.2
30.5
14.0
1.1
4.0
10.9
48.5
4.3
3.9
2.8
3.7
2.0
1.8
2.2
1.5
1.4
1.5
2.0
6.2
20.3
6.7
8.6
4.8
8.9
3.2
2.5
9.1
78.8
22.2
7.2
5.0
44.1
11.1
12.9
29.0
10.7
2.7
13.5
2.2
2.5
14.3
440.0
19.4
2.1
1.5
9.8
3.8
16.5
8.4
5.8
8.7
3.8
3.8
4.1
3.9
5.4
36.5
12.8
12.3
9.4
64.9
9.7
23.8
14.2
9.2
2.7
4.2
2.5
3.0
27.3
10.4
3.8
28.9
9.6
73.3
16.1
3.3
6.9
35.5
3.6
2.5
3.2
47.6
31.7
5.0
0.1
17.3
37.7
6.7
28.6
9.0
13.1
11.5
10.4
32.7
19.4
20.7
6.6
3.5
13.5
2.9
4.1
3.1
8.3
14.0
3.1
3.6
9.6
4.6
1.6
8.7
8.7
8.4
2.4
2.9
4.5
3.3
44.7
27.8
9.0
5.7
7.7
7.1
9.4
150.3
21.3
31.1
9.6
13.3
8.2
8.4
9.4
6.5
9.3
10.6
10.1
5.5
9.4
7.2
8.6
9.7
12.0
16.1
7.1
6.7
12.8
8.1
3.5
1.7
5.9
34.6
23.3
27.1
13.0
20.2
27.9
8.6
20.2
14.6
4.9
15.6
11.2
2.2
5.7
13.4
68.2
3.3
4.2
7.6
4.0
2.9
3.3
250.0
49.5
11.5
10.6
4.3
6.3
2.6
32.7
10.8
7.9
8.3
8.1
21.1
6.6
20.6
15.2
20.5
57.9
7.7
26.1
41.4
18.3
17.9
4.3
11.8
3.8
7.7
13.8
5.3
13.6
6.8
6.5
7.9
5.0
2.7
7.1
4.1
9.5
33.4
11.0
10.9
46.9
13.7
8.4
14.0
9.0
9.3
14.7
2.4
22.8
2.9
27.5
8.4
0.8
24.3
8.8
11.5
11.1
9.8
14.7
9.6
3.7
15.8
12.3
7.9
6.7
4.8
4.3
2.1
3.8
7.7
4.0
4.8
4.7
4.4
4.2
13.8
3.1
26.3
25.3
7.2
7.6
3.0
5.2
8.2
4.5
3.9
1.8
2.4
2.5
2.1
5.1
2.5
8.1
2.1
31.4
15.2
11.6
12.7
17.1
33.3
5.4
8.1
23.6
13.7
7.8
13.1
13.2
4.5
1.8
1.2
1.5
28.1
11.5
7.2
6.1
5.0
13.3
5.7
38.4
9.9
6.8
8.0
20.0
12.4
13.0
8.2
26.4
4.2
5.0
107.5
28.6
6.2
23.5
43.2
8.0
9.9
9.5
11.0
8.9
11.4
26.1
11.5
31.6
8.8
4.2
3.6
31.0
28.0
25.1
0.1
6.9
11.3
21.5
16.2
14.1
28.6
43.8
10.9
16.9
15.6
46.9
13.5
23.7
10.1
12.0
9.0
6.0
13.4
8.8
37.6
5.7
11.1
4.1
24.3
4.2
12.8
5.4
3.0
4.6
3.6
4.9
6.2
5.8
4.3
4.6
3.8
1.8
2.1
1.5
1.3
7.8
2.6
0.3
0.6
1.9
35.9
12.8
12.6
11.3
5.2
4.0
3.4
3.3
3.9
35.1
27.6
18.8
3.5
2.0
3.1
2.1
2.5
4.2
38.5
13.1
22.3
13.4
8.0
4.3
4.7
5.0
4.0
7.0
3.3
8.2
3.2
9.1
7.9
25.3
22.3
22.8
3.6
10.4
2.8
5.5
1.3
1.6
2.1
17.5
13.3
6.5
7.4
13.7
3.5
4.4
4.0
2.6
40.8
12.3
164.9
29.1
17.6
12.7
22.7
12.9
38.3
12.7
14.3
45.0
3.7
2.6
3.3
2.9
7.9
3.6
2.5
0.9
1.3
2.7
1.2
0.9
0.9
0.9
0.9
0.9
24.1
7.8
8.6
26.7
9.7
72.7
13.1
2.5
52.9
3.2
22.1
11.6
15.6
4.4
4.7
3.5
5.4
5.0
3.4
4.2
18.7
30.0
3.6
3.5
4.2
2.1
25.6
20.1
16.7
22.0
27.0
11.4
0.0
3.0
16.1
8.9
6.1
4.9
3.5
1.7
3.2
2.1
2.1
2.8
2.2
3.1
5.6
47.3
4.1
31.7
17.2
11.2
7.3
15.5
10.2
10.6
17.4
23.2
11.0
4.0
13.7
15.9
15.6
7.1
6.7
5.9
4.7
5.9
2.2
2.9
5.4
5.3
35.0
21.5
11.8
36.2
51.1
16.1
13.3
36.3
13.2
26.5
4.9
14.1
29.6
2.1
2.6
2.0
1.9
1.9
1.3
1.4
1.2
0.8
1.2
30.7
27.9
4.5
8.7
5.4
8.0
16.7
20.2
41.2
6.8
22.7
9.2
2.7
6.0
5.0
3.3
5.4
7.5
6.2
6.3
6.9
7.2
2.3
0.9
25.4
14.0
7.5
0.2
9.8
20.8
2.9
2.2
1.5
1.7
9.9
2.0
32.4
46.3
15.4
9.8
20.0
25.1
14.6
7.3
11.4
7.8
15.2
10.2
20.5
6.5
7.7
11.1
3.7
4.0
63.8
37.7
28.9
11.6
4.4
52.0
8.3
2.3
13.6
7.6
6.7
6.0
7.9
9.7
12.4
7.3
13.7
6.4
6.0
10.2
37.0
27.4
6.9
4.0
5.8
21.5
6.8
7.1
4.0
0.2
28.6
12.2
23.7
4.4
2.5
2.2
38.6
18.3
22.2
14.5
30.1
34.3
5.6
7.1
4.6
4.0
3.1
2.3
2.3
2.2
1.6
1.7
1.4
30.8
9.7
24.3
3.4
3.7
2.6
2.0
3.8
3.1
7.9
45.0
15.8
4.3
4.0
3.8
7.1
6.9
3.7
3.9
3.4
2.7
3.3
2.6
3.2
3.6
5.4
2.9
4.9
68.6
24.6
16.0
14.6
0.3
40.9
20.2
13.8
26.0
18.4
12.6
12.5
2.8
22.2
28.7
21.9
10.0
8.1
32.4
33.1
0.1
59.8
11.7
8.9
13.7
17.0
7.9
5.8
6.2
9.8
11.6
2.8
2.4
7.5
3.1
25.3
15.3
8.9
10.2
25.7
9.2
3.1
13.7
3.5
4.2
52.9
9.3
12.6
10.1
20.6
30.6
12.2
9.6
17.9
57.7
30.4
12.7
10.6
2.0
3.0
1.7
2.2
6.0
1.8
8.4
1.6
27.6
20.4
10.7
9.5
6.8
27.2
17.5
5.6
3.1
18.7
22.5
3.8
20.5
5.7
2.8
12.0
3.1
1.7
4.2
1.6
1.9
4.7
1.7
26.7
2.6
9.0
3.7
15.3
7.4
2.9
3.7
2.4
3.4
2.5
19.4
33.2
12.0
29.8
12.4
29.6
48.7
17.1
12.2
42.2
9.2
11.5
13.5
8.6
10.7
7.5
11.4
9.3
3.6
23.0
2.4
5.2
4.4
6.8
3.0
6.9
3.5
2.5
1.7
1.7
18.8
16.4
32.4
5.6
3.3
21.4
40.7
17.1
24.0
24.8
50.3
20.4
29.8
22.4
26.4
4.3
37.3
15.3
17.0
7.9
3.6
18.8
2.0
2.4
3.4
1.9
0.3
5.5
23.2
5.6
2.9
4.1
2.4
1.6
2.2
111.2
10.6
7.5
11.1
11.7
11.9
27.3
28.8
19.4
12.9
37.9
10.7
11.2
24.1
5.9
4.2
5.6
4.0
7.2
6.8
5.5
4.5
4.5
5.9
3.6
2.9
29.8
6.5
5.4
5.2
10.5
14.2
3.5
2.2
4.1
5.7
3.2
34.3
24.8
6.6
6.8
3.2
3.8
4.0
4.4
10.5
5.3
3.3
1.8
4.5
0.6
1.9
1.8
1.7
1.5
2.1
2.3
9.9
63.0
17.1
3.1
29.5
4.7
12.5
2.9
4.8
4.0
7.8
8.9
13.9
7.8
31.2
12.3
40.2
51.4
27.3
8.7
18.8
22.2
17.8
10.2
17.8
28.3
13.5
14.9
8.2
28.4
8.4
4.7
6.9
4.7
3.4
2.4
1.7
3.1
3.9
1.7
2.7
2.2
1.8
2.3
13.4
10.6
6.9
9.7
49.4
6.5
10.9
13.6
4.2
3.0
3.2
8.0
2.7
2.4
3.6
1.9
2.7
23.4
7.9
5.9
4.1
2.3
1.8
4.3
1.7
1.7
1.7
2.5
2.2
2.0
29.7
7.1
19.8
4.1
25.9
4.8
3.6
5.0
5.0
5.9
3.4
3.9
2.2
3.5
2.1
26.3
5.3
5.1
11.8
8.9
2.8
2.9
2.2
2.2
2.5
2.1
1.4
7.1
19.5
6.2
2.9
9.6
4.6
2.5
2.1
3.4
3.4
13.9
5.2
5.6
4.4
2.6
2.2
1.9
18.2
7.8
1.9
1.7
2.1
4.1
8.5
5.7
19.7
6.2
25.2
2.6
2.5
2.4
12.6
10.0
10.8
14.9
25.9
18.1
9.9
12.3
26.6
15.9
12.5
30.2
10.5
13.6
19.1
24.5
13.5
10.5
11.1
12.5
44.3
16.1
32.8
7.7
7.4
21.3
10.0
1.2
16.8
61.7
9.8
6.3
13.8
38.4
18.0
18.6
11.1
27.9
37.0
29.6
14.1
0.7
54.9
23.0
22.7
16.7
5.8
38.8
22.9
6.0
13.3
12.3
37.9
4.8
5.8
20.9
18.8
5.0
7.1
89.5
13.4
12.2
17.8
11.9
29.7
10.5
25.9
6.0
4.3
2.8
8.1
1.9
6.5
49.3
6.0
31.8
20.0
17.1
19.6
9.9
6.9
5.8
3.9
10.8
3.6
6.6
3.1
3.7
0.0
38.4
17.1
20.7
8.1
6.3
14.6
15.6
3.1
4.6
6.5
6.2
2.9
4.1
6.8
11.0
26.1
16.0
12.1
3.8
12.0
9.3
7.4
8.6
3.4
12.9
3.5
3.5
2.2
115.4
10.5
13.9
7.9
3.7
8.4
16.3
6.2
9.8
11.7
23.9
6.4
2.2
6.6
3.8
4.1
2.5
3.3
3.6
65.4
6.3
5.3
6.9
14.5
10.5
5.9
9.7
3.3
5.0
3.5
3.1
3.0
4.7
2.2
7.4
3.8
6.2
31.6
17.8
10.5
24.6
6.3
10.1
8.5
4.9
4.5
2.6
3.6
3.2
3.3
16.3
0.3
46.1
30.3
1.3
39.5
20.4
6.7
7.5
4.5
7.1
3.0
2.5
7.8
3.0
5.0
82.3
8.9
17.2
7.7
29.6
35.3
21.2
14.2
36.6
10.2
12.2
17.4
37.4
7.7
9.9
4.0
19.8
5.2
10.5
8.1
6.3
5.3
2.5
24.2
17.9
9.9
5.1
7.3
7.3
5.5
17.9
4.4
7.1
0.2
28.8
8.8
19.0
15.0
15.0
27.7
27.4
10.5
3.0
2.0
1.9
22.6
2.9
4.5
2.5
2.4
3.1
3.5
5.0
25.9
9.7
16.1
48.0
1.6
3.8
2.9
2.5
2.1
1.7
2.1
2.2
2.9
1.9
3.2
2.2
1.8
33.6
10.3
39.3
8.6
8.9
6.5
15.3
14.2
8.8
18.8
15.4
21.2
9.3
44.9
17.1
16.8
15.3
17.9
16.6
16.4
220.0
0.6
42.6
21.4
9.6
7.2
10.8
1.0
4.7
370.0
33.8
7.1
20.1
24.1
46.7
20.8
11.2
13.4
24.1
20.1
10.2
11.3
11.3
4.4
9.7
3.0
2.3
2.0
5.3
4.2
3.0
23.0
12.4
6.5
6.1
6.3
7.4
4.2
4.0
3.5
16.1
69.4
24.0
19.2
25.0
5.6
10.5
18.3
14.7
10.6
11.0
1.4
49.6
5.9
20.1
5.0
28.6
8.5
2.8
2.7
4.9
3.3
3.9
2.6
30.4
8.4
10.6
11.7
5.1
6.0
5.3
4.2
38.7
8.9
7.9
4.3
8.2
9.4
7.6
3.8
5.2
2.6
3.5
6.3
2.9
2.0
5.3
5.4
6.3
3.2
39.8
12.0
11.1
12.3
9.8
9.5
49.0
6.8
5.9
5.2
22.0
3.9
23.9
6.7
4.1
13.3
2.5
24.3
2.1
3.0
4.5
5.1
8.1
18.7
8.0
46.8
11.2
29.2
17.1
12.7
6.9
18.8
10.7
14.4
33.3
0.2
22.9
2.7
1.6
1.7
1.5
1.8
11.7
116.8
10.1
9.0
10.2
20.9
30.3
7.5
18.3
23.6
10.2
4.3
6.9
8.2
6.8
4.8
1.9
22.4
3.4
9.3
7.4
29.2
14.1
2.9
1.8
2.2
34.7
11.3
7.9
6.4
34.1
26.9
27.0
20.6
12.1
12.3
9.1
9.4
13.4
7.4
1.8
6.4
2.4
2.2
1.9
3.0
14.8
1.9
2.5
12.6
8.7
15.2
8.7
61.1
11.7
26.9
7.7
8.9
8.5
14.4
18.0
14.9
7.3
8.8
46.2
22.2
19.6
29.8
17.0
6.6
3.3
1.5
7.7
1.5
1.4
34.8
28.1
20.0
9.7
15.5
19.2
5.9
3.1
2.2
3.4
3.9
2.9
16.4
67.6
8.8
16.0
7.0
4.5
5.2
4.8
6.6
8.5
27.2
21.6
23.4
4.8
21.8
12.5
17.8
10.9
31.9
18.0
11.5
4.9
34.7
37.8
17.7
9.6
22.2
5.5
11.1
17.0
5.7
4.4
6.3
6.3
6.1
6.3
4.1
4.0
3.7
2.6
2.9
3.2
14.6
6.6
4.8
19.9
3.2
3.3
28.8
9.1
14.5
6.8
16.0
17.1
9.8
9.9
63.5
20.5
14.4
13.4
6.0
2.4
2.9
2.7
2.4
25.7
4.8
2.6
2.1
7.7
6.2
22.3
2.8
0.8
12.4
1.5
41.0
27.6
6.3
16.1
21.3
22.8
26.8
16.4
13.9
13.7
5.7
17.9
13.3
13.5
19.8
3.7
10.2
5.1
3.3
3.5
2.8
10.5
3.2
4.9
2.6
4.4
3.0
13.1
2.6
3.7
7.5
18.9
4.9
5.9
3.7
3.5
8.7
2.9
7.7
61.0
10.1
11.6
5.2
16.9
22.1
15.3
8.1
7.0
11.3
36.2
15.8
12.7
26.2
7.2
42.4
7.1
24.3
5.4
5.6
15.9
4.6
6.5
13.7
23.9
7.1
2.2
3.0
113.5
36.7
14.9
15.7
23.2
6.9
7.0
11.1
0.8
10.0
8.6
1.8
1.7
8.8
3.1
2.3
2.1
23.6
13.6
19.2
24.1
15.0
11.5
34.3
16.1
14.6
17.3
39.6
5.5
17.9
4.1
2.6
2.3
2.6
1.5
1.5
2.9
5.1
7.1
17.9
4.0
5.8
3.9
2.2
7.2
0.9
27.5
10.0
20.4
7.8
7.5
11.7
23.1
9.4
5.7
32.5
5.1
5.8
3.6
4.3
6.7
5.3
2.8
2.8
2.3
6.9
2.7
5.0
1.9
2.3
1.5
3.3
3.7
4.4
5.2
50.9
17.2
13.7
8.3
7.7
9.1
0.1
25.5
14.2
12.1
15.2
6.3
10.5
10.5
3.9
4.1
1.9
3.7
15.1
3.6
8.7
14.2
5.4
29.9
7.5
8.3
4.8
6.5
16.3
4.6
3.5
4.4
2.4
31.9
17.7
12.4
13.4
10.8
9.0
15.4
13.6
27.2
17.2
17.4
9.6
81.2
14.0
10.6
24.1
17.0
7.0
6.3
4.9
3.8
3.4
5.8
4.3
3.1
4.3
3.6
4.5
5.4
5.5
4.4
4.2
3.5
4.4
18.1
8.5
10.6
14.0
20.3
7.6
24.8
6.4
7.1
0.2
32.5
18.5
7.6
2.8
3.2
3.3
3.0
31.6
24.8
10.5
15.8
46.6
12.9
34.5
14.1
0.1
1.3
60.1
5.7
31.4
24.4
3.5
17.1
6.1
3.6
2.9
1.8
2.2
3.7
2.0
1.7
1.8
16.8
12.2
10.1
12.9
14.9
24.8
6.6
3.6
8.5
5.6
5.4
6.9
28.2
12.6
22.5
3.7
6.1
11.3
5.9
4.2
7.1
8.4
6.9
90.7
25.2
9.9
9.8
37.0
16.1
10.8
7.5
29.3
9.2
6.7
22.3
0.2
10.8
4.1
4.4
23.1
18.5
16.0
8.4
40.1
6.7
10.8
57.3
22.4
9.4
13.8
19.5
17.2
10.8
0.3
14.1
5.4
4.4
4.4
3.6
1.8
2.6
2.2
1.6
1.9
47.3
1.5
1.4
0.0
61.1
14.9
29.5
16.4
11.3
9.0
5.5
7.1
7.9
33.0
3.3
4.8
4.7
4.3
5.3
3.0
3.3
21.8
60.6
23.0
9.7
9.3
13.5
8.2
50.9
10.4
9.5
12.9
11.6
6.7
27.3
8.8
5.6
4.9
2.3
2.3
3.4
19.2
11.3
7.5
5.1
2.1
12.0
29.4
2.8
2.7
2.6
1.9
1.9
2.0
1.7
2.2
1.8
0.3
5.5
31.9
13.9
7.3
7.9
7.5
8.6
7.6
38.4
35.0
16.1
5.9
5.1
2.9
1.8
2.7
1.7
3.0
2.9
31.9
31.4
9.8
9.9
8.0
3.7
4.5
35.1
6.7
3.9
4.7
2.9
3.3
2.0
1.7
2.2
13.0
3.1
2.6
2.1
2.0
1.9
2.0
34.7
69.2
24.4
24.0
12.5
1.3
32.6
23.4
26.6
34.3
16.4
23.6
5.3
39.5
27.5
8.3
7.8
89.7
18.5
14.2
3.3
1.4
0.1
34.5
10.0
14.2
6.7
14.8
6.0
3.4
21.2
6.0
4.4
1.7
1.9
1.9
1.3
1.2
1.5
1.9
19.0
1.8
1.9
29.7
7.2
345.0
3.0
0.7
21.7
8.0
9.4
11.0
12.3
18.9
8.7
5.3
7.3
6.2
3.4
2.3
3.5
2.5
17.1
120.7
34.2
14.8
4.6
3.3
3.9
2.8
74.1
18.1
6.6
8.4
4.5
10.6
2.0
36.5
12.7
14.7
28.4
4.2
8.6
6.5
5.7
4.5
4.6
4.6
3.9
22.1
25.5
28.9
7.7
11.6
52.1
13.4
20.5
15.2
52.1
12.1
24.6
17.7
53.5
10.3
9.6
27.7
13.5
32.0
0.1
38.1
1.8
2.9
2.1
2.2
16.6
5.7
3.1
1.2
1.2
2.0
9.7
5.7
4.6
4.6
3.3
1.0
2.8
21.5
2.1
2.6
1.7
1.9
2.3
56.1
1.8
11.6
2.3
1.4
1.4
285.0
0.0
63.2
12.4
11.6
25.9
14.4
34.5
34.5
11.0
4.7
15.7
5.6
4.2
6.7
5.6
6.6
3.3
8.1
4.4
3.6
3.2
3.6
3.0
18.8
10.8
6.6
6.5
8.1
5.5
2.1
3.1
3.4
2.6
4.6
4.2
3.2
2.5
3.8
3.3
3.7
18.5
13.7
15.6
17.6
23.1
12.5
25.8
16.2
5.5
6.9
10.1
7.1
7.2
5.2
6.6
2.3
1.8
4.9
4.8
3.9
69.8
27.3
17.5
18.9
8.7
18.3
12.0
6.3
48.4
4.6
3.5
3.0
2.2
1.7
1.5
2.8
2.8
1.6
3.0
1.6
1.5
1.9
1.3
1.9
9.8
1.7
2.4
60.3
8.7
12.5
8.3
13.3
6.3
7.9
10.2
5.8
8.4
2.1
1.8
4.5
3.6
3.9
2.6
2.2
6.9
3.3
3.4
6.3
5.0
6.0
28.0
7.5
19.8
3.3
2.6
9.9
2.5
12.7
28.9
14.6
16.5
18.3
12.5
22.4
8.0
5.3
21.4
31.5
8.6
4.5
11.2
6.3
6.3
6.6
4.1
11.4
11.9
9.7
2.9
6.6
7.1
6.7
1.4
41.6
13.9
8.9
10.9
300.0
50.7
18.8
28.4
15.1
39.2
22.6
8.8
67.5
5.6
10.9
10.6
8.2
11.1
26.0
16.9
22.0
13.4
18.1
7.0
5.0
8.8
15.3
7.9
8.5
5.1
8.8
29.6
10.0
4.4
5.9
4.4
9.5
4.6
16.2
23.3
13.7
6.2
32.8
15.4
18.8
130.9
6.9
8.8
13.2
13.4
4.6
8.0
5.6
8.0
0.4
3.6
1.4
0.4
3.2
1.8
1.3
1.7
1.6
1.4
0.8
1.4
2.2
10.5
2.9
3.5
5.7
116.0
26.5
10.1
11.5
6.8
8.8
24.6
8.3
66.8
9.4
18.4
38.4
6.4
4.5
12.3
5.8
5.4
5.8
2.4
2.0
2.3
2.7
2.0
3.6
2.0
1.9
2.0
2.1
1.7
1.2
57.0
13.9
12.3
16.0
22.5
13.4
21.1
4.4
5.9
6.3
10.3
38.8
40.5
11.8
14.2
23.0
26.4
8.8
50.9
6.4
4.2
3.8
2.4
6.9
11.7
5.4
55.7
16.1
12.3
3.6
3.9
3.7
4.6
2.8
2.7
1.5
1.9
5.2
1.2
2.1
4.8
3.2
2.5
1.0
0.4
16.6
8.9
10.5
4.0
2.0
5.2
5.0
39.8
18.6
10.9
4.8
6.2
3.3
6.1
9.2
4.2
4.5
2.7
2.1
2.6
3.5
2.6
2.9
7.3
85.4
10.4
17.7
15.0
12.6
5.2
9.0
9.0
6.1
7.9
9.3
30.8
12.9
19.4
12.7
7.6
1.7
2.4
2.7
2.3
2.4
2.5
1.1
1.2
22.3
6.3
9.0
5.0
2.3
2.8
2.4
1.5
1.8
2.6
18.3
5.1
3.1
20.2
14.1
8.7
41.0
7.4
5.1
7.3
8.0
27.7
10.9
7.4
6.8
5.3
12.6
2.8
13.5
44.3
32.6
20.2
16.0
13.8
9.2
4.5
18.3
12.8
6.5
4.9
3.1
2.3
2.5
2.1
4.7
2.2
2.3
4.0
4.0
7.0
7.4
13.9
4.9
0.1
49.4
8.7
7.0
14.7
3.0
2.6
2.7
13.5
6.1
4.7
2.9
2.3
33.7
96.2
45.1
12.8
26.0
23.6
24.3
9.4
39.4
6.8
50.1
17.7
19.7
9.8
8.6
7.9
10.9
32.0
6.8
15.1
16.3
8.0
7.0
12.3
17.7
4.3
26.6
22.1
23.1
14.0
21.2
11.1
8.0
9.6
11.5
10.4
3.7
9.4
2.4
3.5
2.9
3.4
6.5
24.0
7.6
19.5
6.4
4.7
33.7
14.3
10.2
20.1
36.5
3.1
11.1
46.6
5.5
6.1
24.1
17.1
4.7
5.7
2.0
2.6
1.8
2.8
57.6
3.4
5.0
3.8
7.2
2.8
17.7
9.6
18.9
7.3
22.0
4.5
2.4
4.2
3.0
1.9
8.0
2.2
5.5
9.8
4.7
16.5
1.7
1.8
20.8
8.7
3.8
1.3
1.2
1.2
1.0
0.7
17.5
18.1
11.2
10.2
18.5
7.1
34.1
17.6
10.2
7.4
16.3
32.0
13.5
34.3
18.4
15.0
6.5
86.7
7.3
11.1
4.7
10.3
6.6
14.5
5.9
4.6
7.7
9.1
9.3
4.0
4.1
12.7
4.5
5.5
5.6
4.2
29.9
15.9
19.4
300.0
18.4
8.9
14.3
1.5
45.8
9.5
14.3
4.8
2.7
3.9
3.3
7.5
4.7
3.8
2.1
3.0
2.8
3.0
4.5
4.6
3.4
3.3
30.4
2.3
7.3
3.3
1.7
10.5
2.3
2.6
3.5
1.4
1.2
1.3
1.5
5.1
28.4
14.0
13.4
17.4
8.3
22.5
7.8
27.3
17.6
35.3
7.4
7.1
22.6
10.0
14.1
3.6
15.3
2.4
2.8
18.5
49.1
7.1
7.0
10.1
24.1
2.9
2.1
54.5
13.8
28.4
2.9
39.8
27.2
16.2
11.6
8.2
21.5
16.2
15.3
6.4
6.8
15.7
4.1
5.3
7.9
3.9
9.3
7.0
5.1
8.3
7.0
28.8
9.7
21.4
8.6
7.1
8.4
6.2
43.7
9.2
8.9
7.4
7.6
12.8
10.7
4.3
5.0
9.1
2.3
5.1
7.1
10.5
3.1
2.2
35.3
27.8
7.6
18.9
3.2
5.5
6.6
6.6
7.6
12.0
6.1
8.7
4.0
6.1
10.3
16.7
2.8
14.8
2.7
20.1
42.2
12.1
0.1
15.9
2.9
3.8
3.6
2.0
1.8
17.3
2.7
2.4
2.5
2.2
0.0
28.7
16.8
29.8
20.3
18.0
11.2
9.1
8.9
4.7
6.4
28.9
12.7
6.6
6.9
4.2
5.6
20.6
6.7
39.9
22.5
3.3
2.7
14.1
1.7
1.6
7.5
11.3
7.3
8.4
4.2
3.1
2.8
14.9
14.2
14.3
9.0
168.6
14.5
21.6
13.0
9.3
9.1
8.7
31.7
0.7
19.9
3.9
5.0
3.8
5.2
3.9
2.2
2.2
26.4
27.0
19.1
20.5
11.5
31.6
5.8
39.2
5.0
5.1
30.0
41.0
7.3
10.0
28.3
33.3
15.1
10.1
81.6
25.7
14.1
8.8
13.0
7.9
10.5
15.1
10.2
43.1
26.1
12.3
8.4
10.4
20.8
31.3
10.1
6.1
19.1
9.8
4.6
5.8
3.4
0.1
19.0
20.3
20.4
82.2
10.5
13.3
8.9
5.2
6.7
62.5
8.2
6.5
66.8
5.6
34.0
10.2
7.0
5.4
47.1
11.7
9.5
5.4
37.1
78.7
32.3
10.6
5.3
9.8
6.9
6.1
5.7
5.3
12.0
3.8
4.3
3.4
5.3
5.1
3.4
32.4
9.8
11.9
11.2
3.3
8.4
3.6
5.0
3.6
4.0
2.4
3.6
6.2
3.5
2.0
17.8
16.9
2.3
3.0
3.3
6.8
2.9
3.8
31.0
34.5
14.6
11.9
2.7
0.6
1.3
1.3
16.7
10.5
10.8
7.0
4.7
2.4
2.6
2.4
2.7
4.8
1.7
1.7
1.9
1.5
1.9
2.0
2.1
3.6
3.3
2.0
13.4
55.1
8.0
5.9
22.3
25.0
9.9
11.5
12.2
6.8
6.1
15.8
15.3
21.7
9.4
6.9
23.8
9.7
8.3
10.3
19.5
4.2
2.6
3.4
20.9
17.6
2.1
2.0
3.3
3.5
3.1
2.9
3.2
3.2
6.4
4.4
3.2
34.4
22.9
12.1
2.4
2.0
1.5
42.9
2.5
3.5
28.1
3.5
8.5
34.2
3.7
4.4
4.0
5.0
6.6
6.9
3.0
3.9
3.5
7.4
3.3
2.6
1.6
2.1
1.5
8.0
2.0
2.9
1.7
1.6
1.8
2.5
2.1
1.9
1.4
1.4
1.2
2.0
54.3
9.9
17.9
5.0
2.8
2.3
18.3
1.8
3.1
2.4
2.0
2.2
2.0
2.1
2.5
14.1
8.9
7.6
19.5
4.9
9.6
2.9
6.1
2.4
2.4
7.2
1.4
41.5
268.2
24.1
10.0
13.7
17.4
17.9
11.2
15.2
24.5
20.2
12.1
12.6
21.6
7.1
4.9
2.3
1.6
12.0
8.9
1.9
45.2
12.6
13.0
40.6
0.3
56.9
7.0
6.8
3.9
4.4
6.6
2.8
3.8
25.0
23.2
14.2
26.5
15.9
8.3
86.6
5.1
24.4
23.6
7.3
16.3
5.6
9.6
12.5
7.9
14.3
3.4
6.7
28.7
3.8
2.5
1.7
11.2
72.0
2.2
8.3
2.1
2.0
4.5
6.8
1.9
6.9
5.4
6.3
2.7
2.5
3.4
3.0
3.9
2.6
8.7
2.8
29.6
18.1
72.6
11.6
17.6
9.0
19.1
11.5
14.3
8.2
20.5
14.0
8.6
24.4
22.2
10.8
9.3
20.7
13.8
19.2
9.9
12.4
11.5
12.8
8.4
7.0
23.8
9.2
6.9
4.7
5.8
5.8
18.9
8.2
7.8
38.9
13.3
56.8
22.4
16.5
25.7
13.3
6.7
9.1
15.5
21.4
5.2
8.8
7.4
8.6
3.6
6.8
3.0
16.8
14.1
5.2
10.4
10.9
6.7
2.7
1.9
2.1
17.2
9.4
43.9
0.2
1.4
12.5
12.3
6.0
2.3
2.2
3.5
14.8
2.4
1.5
7.1
4.7
3.1
3.2
3.5
7.7
3.1
2.1
3.2
15.7
21.3
38.4
7.6
9.3
40.9
26.8
32.9
4.8
2.2
99.7
10.4
7.2
325.0
11.2
10.3
7.1
212.5
15.6
22.6
21.2
11.1
1.7
2.9
4.4
3.8
2.4
2.1
2.4
1.9
1.9
1.9
1.7
5.3
11.8
10.5
11.6
19.4
7.5
2.1
7.4
2.7
2.9
4.1
2.4
2.6
14.3
1.6
0.8
6.0
5.8
44.1
20.2
9.8
29.8
15.5
46.9
34.7
9.4
14.6
14.4
19.8
18.3
22.3
18.9
5.3
4.8
3.2
18.3
9.1
29.9
14.0
0.1
6.2
580.0
1.5
0.2
18.6
23.8
14.1
12.9
12.1
10.6
12.9
280.0
47.3
16.7
8.7
11.2
14.6
9.7
12.1
7.4
7.4
7.1
22.0
5.9
5.1
3.5
21.4
10.3
16.7
17.7
300.0
42.0
0.6
47.1
11.2
20.7
5.0
14.8
4.0
7.5
6.8
8.6
3.3
3.4
3.6
2.8
1.9
2.0
0.3
1.9
15.4
6.5
77.2
3.7
6.0
4.7
9.4
4.2
3.7
4.3
3.5
3.0
4.4
35.7
6.6
8.4
33.1
13.0
6.5
17.0
11.3
12.5
20.6
17.6
3.8
9.4
4.8
4.4
4.7
3.7
7.3
7.4
2.0
2.7
2.4
2.8
3.6
3.4
2.1
12.1
3.4
3.3
2.8
3.7
2.8
3.5
13.2
1.5
1.9
1.6
1.5
36.9
11.5
23.7
5.9
100.3
10.6
3.6
14.4
12.1
17.6
4.8
13.5
7.5
5.9
7.8
2.4
2.0
2.5
11.5
3.5
14.5
12.1
20.6
40.6
5.7
13.1
33.3
27.3
31.6
22.4
8.0
2.2
18.9
36.8
5.3
6.3
15.6
0.3
86.4
5.9
3.7
0.6
48.8
8.0
33.9
19.0
2.6
72.8
14.8
16.1
28.1
21.0
9.7
11.0
10.1
0.9
42.4
6.9
3.4
2.5
2.3
12.5
10.1
1.7
1.6
18.1
14.3
26.6
9.8
3.1
6.0
2.1
2.7
1.7
35.0
27.5
3.0
3.6
4.9
15.4
7.3
9.0
26.2
16.8
3.3
4.5
3.3
2.9
2.6
2.2
1.9
1.5
17.3
24.3
15.4
20.0
22.0
6.1
18.3
4.3
3.6
3.3
1.5
45.7
11.5
27.8
6.2
58.0
12.2
9.7
11.1
5.9
47.8
8.5
14.6
16.2
2.7
14.0
6.3
79.0
32.8
14.8
14.9
29.0
250.0
47.1
8.8
9.9
9.9
32.5
16.4
3.7
3.1
2.6
3.1
1.9
2.0
1.6
15.8
10.9
19.6
13.2
14.7
5.4
3.1
5.8
4.8
2.6
3.0
2.1
1.3
27.9
6.3
45.8
20.4
14.5
14.4
27.6
31.9
22.8
7.3
4.7
2.4
2.8
3.1
33.9
13.7
20.9
16.3
3.9
15.0
13.2
3.4
4.2
11.0
3.0
2.4
4.6
4.8
5.7
2.3
2.5
5.6
30.7
38.1
6.2
17.9
3.4
5.9
1.5
2.0
1.3
1.4
1.2
1.5
35.6
15.4
6.1
5.6
19.5
9.6
6.3
12.2
11.4
13.1
13.9
8.8
34.1
9.3
8.6
0.4
60.7
17.4
7.8
3.0
3.9
15.3
24.7
5.1
21.7
4.5
2.8
2.6
28.0
38.7
10.9
15.5
19.4
6.7
47.4
11.5
13.4
12.0
28.1
12.5
9.1
15.6
39.4
0.1
40.2
49.0
11.9
12.8
11.4
1.7
13.8
34.0
20.2
3.7
6.8
6.3
5.6
211.7
10.7
33.2
12.2
18.4
14.9
5.9
15.3
28.4
8.9
11.1
9.5
15.7
13.5
9.5
7.3
34.0
9.8
16.1
15.7
12.2
0.1
56.9
11.3
50.3
22.5
13.4
8.7
17.3
8.9
11.6
16.1
11.5
9.5
29.7
25.6
6.2
6.1
4.8
7.4
6.0
9.9
5.4
1.5
10.5
30.8
29.8
16.0
13.3
19.3
20.6
5.0
6.3
5.2
6.1
30.8
11.2
7.0
23.0
18.0
28.4
11.2
20.5
48.2
7.3
14.7
11.4
2.1
9.6
23.2
2.4
24.9
33.2
19.2
32.9
21.4
6.5
17.7
8.3
3.1
30.2
23.4
21.5
15.8
5.2
9.1
1.7
2.6
1.6
1.4
16.7
55.5
13.4
15.9
8.0
18.4
7.7
33.6
3.9
3.0
6.8
5.6
13.8
4.1
5.1
2.7
2.3
14.7
2.5
7.9
5.6
11.3
18.9
8.6
8.2
5.1
5.0
3.7
3.4
3.6
3.5
3.6
3.9
3.3
2.8
4.2
3.5
4.4
3.9
3.3
1.9
3.0
3.4
2.9
2.0
2.4
1.9
40.2
2.0
3.3
17.6
29.0
18.0
6.6
4.0
10.2
7.3
24.4
6.4
10.1
21.8
4.4
6.3
6.4
4.2
9.6
29.1
28.9
11.6
7.3
9.9
5.6
11.3
10.2
1.7
1.6
1.8
1.5
44.4
14.6
2.8
10.9
5.2
3.1
5.8
5.0
3.5
2.6
81.1
3.3
7.6
11.4
5.8
29.1
7.6
8.5
5.3
3.8
14.7
8.5
16.3
63.3
5.7
6.0
28.7
4.1
8.4
6.5
11.8
6.1
3.8
5.0
3.6
1.6
1.5
2.0
2.9
11.8
1.8
2.0
7.4
8.3
57.3
26.7
3.8
65.6
4.4
3.1
7.4
51.8
8.2
5.7
34.0
15.1
1.9
1.9
27.9
1.4
1.2
42.1
6.1
5.2
12.8
5.5
9.3
4.8
3.5
7.1
4.9
6.2
3.6
9.9
6.2
41.6
31.5
6.3
5.8
22.7
18.2
6.4
21.4
109.1
14.9
20.0
11.0
3.1
26.9
6.0
17.2
52.4
69.0
26.1
15.3
28.9
10.4
8.0
29.6
10.4
9.3
45.8
66.0
15.5
11.0
12.6
6.3
9.1
6.3
21.1
6.4
2.7
4.5
20.0
2.1
2.5
11.0
11.8
14.5
10.4
19.4
4.0
4.5
9.0
5.2
2.5
4.2
4.8
2.1
1.7
1.2
1.5
1.8
4.1
2.5
5.3
3.0
2.9
3.2
2.5
0.3
49.7
11.7
11.5
15.2
24.7
10.9
1.0
1.5
4.4
1.0
2.4
2.3
3.1
1.9
1.6
2.0
1.4
1.7
1.1
0.1
44.6
14.6
27.3
25.6
16.9
10.8
6.8
11.7
6.4
30.3
6.3
35.5
14.3
12.3
17.5
25.3
17.8
9.1
14.6
10.8
3.3
3.2
12.6
12.3
9.3
8.1
6.2
12.0
62.7
18.5
7.9
9.3
6.2
8.7
34.2
10.4
2.4
2.0
19.2
8.1
12.6
11.6
10.3
2.1
2.4
4.4
3.3
1.2
1.7
1.6
1.6
1.6
1.4
6.2
34.7
31.8
60.9
17.9
16.1
10.3
10.5
31.7
17.9
18.7
14.8
24.9
5.7
20.6
8.7
2.3
36.2
3.4
1.8
62.5
51.1
39.0
28.8
13.0
20.0
8.3
4.2
6.2
46.0
15.5
4.8
2.9
3.5
26.9
14.8
7.5
6.0
22.4
6.9
2.8
2.9
118.3
10.1
15.2
9.9
46.9
13.3
17.0
17.3
23.8
11.0
11.6
7.9
0.1
17.0
8.2
10.2
5.2
3.1
5.3
4.5
58.8
3.6
2.8
1.7
3.7
5.0
2.1
3.7
2.1
2.0
1.7
1.9
28.5
12.5
8.6
44.7
17.7
25.1
9.2
8.7
0.0
54.1
9.0
7.4
23.5
20.2
31.9
16.8
10.8
9.2
6.5
3.7
4.6
4.5
5.2
3.6
40.5
37.7
4.1
5.9
5.2
2.6
9.4
14.4
5.2
5.2
5.2
2.8
2.1
4.3
4.0
10.1
4.1
3.2
5.2
3.7
3.3
3.6
9.8
3.4
2.4
2.6
2.1
15.1
15.8
12.2
10.6
4.1
3.9
11.1
2.4
2.4
3.0
11.8
19.5
5.5
4.4
4.3
10.1
5.2
1.8
30.6
19.3
14.7
17.6
29.4
19.2
20.2
3.1
3.9
6.0
11.3
3.2
4.6
2.3
3.3
1.8
4.7
8.3
2.5
3.8
4.4
2.0
0.6
6.7
29.7
21.8
12.9
13.8
26.5
4.9
3.7
3.7
4.7
5.9
16.1
1.1
2.1
2.7
2.1
2.5
2.1
1.7
8.1
3.4
1.1
1.3
0.9
1.3
1.0
2.1
2.5
80.0
14.5
11.4
8.9
28.6
15.2
10.7
18.2
45.6
12.1
16.7
10.7
19.1
14.3
11.8
3.9
5.0
18.1
43.6
22.5
11.3
17.5
4.8
9.9
12.0
15.9
5.9
28.1
13.9
23.5
12.3
11.2
7.0
15.4
11.2
3.3
2.0
2.2
2.4
15.6
6.0
6.8
5.1
4.7
5.3
3.6
3.8
21.7
45.3
310.0
72.8
14.3
22.9
15.8
13.1
3.1
9.2
6.7
3.4
7.6
7.5
4.8
5.2
3.2
4.9
3.6
6.1
2.7
2.9
2.6
5.0
2.5
2.0
48.1
189.2
17.6
18.5
10.0
11.4
0.3
17.4
4.2
4.0
3.4
5.4
2.8
2.7
3.6
45.0
24.5
16.3
6.1
6.0
28.5
10.9
17.6
31.3
13.3
10.4
9.2
7.0
3.7
5.3
5.2
4.6
3.0
3.1
11.1
12.9
3.6
11.9
12.5
21.5
14.1
3.5
18.6
3.5
1.8
2.1
3.4
32.3
10.8
11.6
11.6
51.7
18.8
12.9
13.9
12.8
14.2
4.6
3.4
1.8
1.8
1.7
33.8
15.6
3.5
2.3
2.1
8.7
2.5
41.6
6.6
41.6
29.6
18.6
75.3
19.2
5.4
8.7
8.3
6.5
10.4
31.8
40.0
13.2
7.4
6.7
16.2
14.9
4.3
8.5
87.5
18.5
0.2
27.2
14.6
18.0
15.3
5.6
12.5
9.4
21.0
7.5
17.4
14.1
21.1
15.3
20.7
16.0
16.7
9.4
11.1
9.3
10.2
2.1
3.4
31.4
5.3
4.9
5.7
6.0
20.5
2.5
8.2
4.1
13.6
16.1
3.2
2.2
12.8
3.1
2.5
2.6
13.8
2.2
1.9
3.4
1.6
3.6
30.2
18.6
14.7
77.8
6.7
5.8
23.6
19.2
19.2
8.4
11.0
7.4
3.8
14.9
5.3
4.5
11.7
5.4
5.2
4.6
4.1
5.1
2.9
4.7
4.8
4.2
3.8
3.2
7.9
23.7
7.2
5.8
19.7
7.9
3.2
5.0
2.8
4.2
2.8
2.3
3.0
3.0
3.0
1.5
2.9
41.9
10.4
36.2
16.7
16.4
19.5
9.7
5.7
19.6
4.1
29.5
14.1
16.0
17.4
20.6
2.2
27.9
21.3
6.5
20.6
14.6
7.4
6.7
90.9
31.0
7.7
14.3
12.6
9.8
27.0
18.1
16.2
19.2
2.8
3.5
2.4
24.2
2.4
1.5
1.7
1.3
1.3
1.9
1.0
1.5
7.5
1.6
0.3
48.0
9.9
13.9
12.1
16.4
9.1
8.7
8.2
9.0
5.7
6.1
8.6
3.3
4.7
3.0
2.9
7.7
5.4
9.8
10.4
19.8
3.7
33.2
15.9
9.2
2.3
2.4
2.1
12.2
14.1
12.6
14.1
3.2
3.2
3.2
2.9
1.9
2.2
2.8
2.2
4.7
9.2
19.1
14.0
11.0
1.4
36.4
4.9
20.7
18.1
8.4
290.0
28.3
12.6
29.1
18.7
8.8
9.5
11.7
8.5
4.6
14.2
8.9
22.1
35.1
19.7
16.7
17.3
9.8
24.6
20.0
7.6
5.6
5.5
4.4
2.8
2.8
1.7
2.3
1.5
1.8
3.5
3.2
2.0
2.0
2.4
2.4
3.2
1.2
0.8
1.4
2.4
1.3
20.0
6.1
3.9
2.6
14.5
3.3
1.5
0.3
11.2
14.7
4.2
4.6
15.8
10.5
2.9
1.8
2.7
3.7
2.2
4.2
6.2
2.6
2.1
1.9
2.1
16.7
2.3
4.9
5.8
26.9
7.7
7.9
22.7
7.0
3.0
5.2
2.6
3.1
57.7
7.5
6.0
4.0
21.9
2.8
12.5
3.5
3.7
4.4
3.9
2.9
5.3
3.6
2.0
2.3
3.2
4.8
2.0
8.3
10.7
4.3
14.4
3.8
3.0
2.6
2.1
4.6
8.8
6.0
1.4
2.3
0.5
54.6
20.5
9.6
12.0
3.1
4.0
13.0
12.1
10.3
4.5
6.1
1.8
10.2
3.5
25.1
8.2
10.5
20.1
20.0
37.6
15.8
20.4
28.8
16.4
15.8
10.4
44.3
8.9
23.0
6.8
14.0
6.8
16.0
23.5
10.3
9.9
29.4
17.5
27.3
14.2
8.3
14.9
9.8
67.1
6.7
7.5
6.4
4.3
7.9
5.9
11.0
24.0
5.0
4.5
4.0
3.9
3.1
6.4
0.6
4.8
6.0
4.5
4.2
3.7
2.7
3.8
3.2
6.4
25.8
17.2
12.2
38.6
25.6
19.5
43.6
8.2
10.1
6.8
7.0
7.5
8.6
69.8
8.5
28.8
30.4
162.6
14.5
315.0
13.6
3.1
2.0
2.1
1.7
1.7
23.2
4.1
3.9
3.9
3.3
2.7
1.5
7.0
1.9
1.9
1.9
32.2
9.7
5.9
14.6
34.7
12.4
6.9
7.0
5.0
5.2
10.0
5.8
20.8
28.5
13.9
21.5
42.2
6.7
6.8
15.5
4.8
7.7
3.0
2.3
1.9
2.6
1.5
19.7
2.6
7.8
2.4
2.1
2.3
2.2
2.0
1.9
33.0
8.8
20.1
61.2
12.4
8.2
5.7
14.3
19.4
16.1
15.4
6.7
6.7
6.9
5.5
3.4
3.9
2.5
1.8
2.7
41.9
7.2
5.2
5.3
3.4
4.3
4.9
62.4
7.3
3.3
43.1
39.4
21.6
24.8
4.5
3.9
42.3
42.3
15.3
11.7
1.7
61.6
12.5
15.2
11.8
10.8
0.2
47.1
24.7
6.1
4.1
1.5
1.7
1.3
1.9
30.7
18.3
5.7
17.5
2.4
2.9
2.0
47.0
11.7
17.1
16.2
24.5
17.8
11.3
7.1
13.2
8.9
8.9
130.0
29.5
14.9
26.5
18.4
48.6
34.6
36.1
8.4
13.4
12.9
53.8
6.8
68.7
9.6
16.6
12.3
16.1
2.7
3.9
48.6
22.8
24.2
12.0
24.5
25.0
8.6
7.6
6.1
20.2
9.4
8.4
18.4
7.9
12.1
4.6
11.9
30.8
14.0
37.1
11.2
3.1
2.2
2.1
18.3
0.5
38.5
13.3
3.2
3.7
41.9
14.3
18.1
17.6
20.9
26.3
11.9
12.3
57.2
17.3
8.2
6.9
20.5
4.9
6.3
28.0
20.4
36.4
12.2
17.9
222.5
44.4
9.4
8.8
12.2
6.1
3.4
1.9
3.4
18.2
1.6
1.5
15.8
9.1
41.4
25.0
3.9
6.3
8.6
9.7
8.6
27.4
25.3
10.4
11.7
4.3
2.9
4.8
22.3
28.9
1.2
38.2
6.8
8.0
16.4
10.7
11.0
20.8
8.9
10.3
3.6
3.2
9.8
10.2
5.8
5.9
7.6
3.5
13.3
12.5
15.7
11.0
9.3
10.3
12.1
15.1
350.0
25.3
14.9
14.4
58.5
22.5
16.6
10.8
7.6
30.8
7.8
0.4
16.5
26.0
4.7
39.2
7.2
3.0
6.0
4.4
37.9
31.9
57.7
18.6
5.5
5.0
5.4
3.1
24.6
5.4
4.7
9.8
5.4
12.5
11.7
8.3
6.6
6.8
6.5
9.4
4.3
8.5
6.3
2.7
2.9
6.0
5.9
4.4
2.7
4.3
4.0
4.1
3.1
36.4
21.2
20.2
18.8
4.4
5.5
4.1
2.9
4.8
4.0
6.3
11.8
3.8
18.4
6.1
37.7
8.4
8.6
430.0
26.5
25.5
4.5
3.7
5.0
3.3
72.2
19.1
5.2
6.4
60.8
12.0
48.5
19.6
8.9
11.4
42.2
17.1
17.7
19.4
11.5
19.9
7.8
11.6
10.9
15.2
8.2
7.5
11.5
7.8
41.9
31.1
23.0
18.0
17.4
8.1
3.2
31.2
19.0
20.3
6.9
6.2
12.8
2.9
6.1
5.2
8.8
3.9
11.1
5.4
5.1
14.1
14.7
2.7
11.1
7.4
2.1
1.1
4.8
29.8
24.3
17.7
12.8
15.5
21.3
10.8
9.4
0.1
31.1
14.3
25.4
11.3
10.1
19.8
39.6
20.9
16.1
3.4
2.2
6.6
7.0
3.1
4.5
11.6
12.8
8.6
2.2
2.5
5.3
5.0
3.4
35.3
5.1
12.0
3.2
2.7
3.5
2.4
9.3
15.5
3.2
4.1
2.0
4.9
1.5
0.5
32.4
15.1
22.7
22.5
18.9
13.4
15.6
345.0
52.7
13.1
21.9
9.2
30.3
13.2
20.8
25.3
24.8
36.1
23.9
9.5
17.1
11.1
35.2
7.1
6.4
11.0
36.7
18.5
3.2
4.6
3.1
31.0
3.3
3.5
2.6
3.1
3.5
21.1
3.6
10.5
2.0
30.9
39.3
17.7
6.6
12.3
4.6
4.0
19.1
36.5
8.2
50.0
4.5
3.7
11.9
19.9
10.6
8.1
3.2
9.1
10.1
40.0
29.6
16.4
23.4
0.4
39.2
30.4
21.2
34.3
13.4
24.4
3.7
2.0
1.9
1.4
2.1
100.6
18.0
16.5
17.2
18.5
16.0
9.6
20.4
1.7
1.3
41.0
11.4
12.9
34.2
28.1
465.0
36.5
9.6
60.0
60.5
3.4
4.4
7.3
7.1
3.5
20.7
0.2
0.5
0.9
54.1
13.5
16.7
2.0
3.9
3.7
10.0
2.1
6.0
2.0
20.9
16.6
19.0
24.8
5.0
1.7
2.7
2.1
12.3
9.1
2.4
2.7
1.3
1.7
1.4
0.4
19.9
10.4
4.8
7.1
4.4
9.5
5.3
30.5
23.9
15.4
14.5
33.8
14.5
14.9
36.3
7.6
11.3
46.0
6.1
42.9
11.9
31.3
12.9
4.9
17.8
4.2
31.9
12.8
49.4
13.0
27.3
11.9
17.2
10.3
35.7
15.0
13.0
24.0
47.3
8.7
24.9
8.8
46.5
14.0
13.7
5.8
18.7
6.9
21.5
35.3
10.1
4.2
14.8
11.1
9.9
9.2
14.1
8.8
11.9
19.0
3.2
3.1
2.2
4.7
2.7
2.4
5.1
4.9
3.4
3.6
13.7
2.5
1.9
4.9
23.6
0.6
1.6
1.1
2.9
1.8
3.2
12.6
20.6
26.5
13.5
17.1
12.3
20.6
13.5
54.1
14.7
13.7
6.8
6.9
9.2
63.7
14.0
12.7
27.5
18.8
43.9
22.1
13.2
116.4
12.9
9.7
18.8
9.5
10.4
10.8
5.7
11.7
14.4
20.1
18.9
11.2
24.9
7.0
5.0
27.6
27.6
16.4
47.6
11.7
71.5
22.0
8.7
30.3
25.1
26.2
27.4
30.0
39.4
20.4
6.3
9.4
9.9
30.8
7.1
9.4
22.0
21.4
14.0
4.4
8.8
28.2
22.0
14.1
16.1
15.7
26.2
5.5
6.1
4.2
5.8
11.1
3.1
11.7
7.0
4.1
24.4
13.3
11.8
44.4
11.7
31.2
43.7
21.5
28.7
19.3
30.8
16.9
92.0
3.1
16.0
5.6
9.8
38.5
9.2
5.2
6.6
16.8
7.3
59.2
4.7
4.5
6.1
7.3
2.5
16.4
10.4
32.0
11.7
27.7
8.5
15.4
18.3
3.6
46.7
23.9
12.2
52.1
7.4
20.5
3.8
30.9
5.2
6.0
4.2
3.8
30.8
35.7
5.4
49.1
45.7
5.5
3.6
51.3
6.2
8.0
57.6
9.6
4.3
23.0
3.7
17.3
14.0
7.1
10.7
7.3
6.0
7.3
4.8
5.0
8.5
5.2
4.2
4.5
4.6
51.3
6.5
4.2
14.0
5.5
4.5
3.9
3.6
3.1
8.0
9.9
6.5
1.8
1.2
1.5
3.9
1.5
1.9
1.3
11.2
4.3
3.7
4.1
9.5
4.0
2.1
43.8
7.5
5.6
12.7
8.3
9.2
36.1
8.3
3.9
15.0
3.8
6.2
11.6
4.3
5.1
5.7
6.7
7.4
9.7
3.6
2.8
3.9
7.7
2.2
2.8
1.7
5.8
2.4
3.0
4.6
1.8
2.0
1.6
30.0
16.2
3.5
10.0
35.0
5.2
3.2
4.6
20.5
10.0
13.3
16.6
29.9
23.9
32.2
44.2
9.8
11.3
8.3
6.8
9.3
6.8
8.8
8.3
9.2
9.7
9.2
9.8
35.8
7.5
4.5
4.6
6.7
6.4
150.0
31.1
15.3
8.3
50.3
3.0
9.2
6.1
4.8
2.9
8.2
7.2
2.3
2.6
2.2
7.1
6.2
7.2
5.8
3.2
6.5
2.4
2.5
6.4
9.3
11.7
39.9
5.1
11.7
7.4
10.2
9.9
5.8
7.6
3.2
8.0
4.1
12.2
11.7
4.1
2.5
2.5
12.0
2.7
2.3
26.7
4.9
6.9
21.5
6.8
3.5
2.9
2.4
4.4
159.7
9.3
22.4
21.9
12.6
13.0
11.7
8.7
11.1
20.4
33.4
18.4
57.2
9.9
8.4
8.0
24.5
50.3
6.2
4.5
4.7
3.3
3.6
4.0
5.3
3.9
3.3
2.7
5.2
4.0
3.9
4.1
3.9
3.1
3.6
3.7
2.8
2.9
2.1
2.2
5.0
24.9
9.1
2.8
3.0
2.3
2.8
2.4
45.8
1.7
1.8
1.7
20.7
1.7
3.3
0.0
37.9
15.3
19.3
22.3
9.6
15.8
34.8
6.6
7.9
6.5
8.2
6.0
7.3
4.5
5.9
6.9
106.2
11.6
20.1
20.4
8.4
17.1
16.6
173.0
9.6
9.7
13.3
10.4
17.4
32.6
15.1
8.0
14.1
20.7
8.6
5.5
11.7
5.4
6.4
6.9
7.5
10.2
13.7
6.5
7.4
3.3
2.1
2.4
3.4
12.4
2.6
1.8
12.5
12.8
8.2
1.6
2.5
1.9
20.4
8.2
6.0
14.1
4.2
4.1
11.0
2.1
4.0
4.3
6.0
3.1
2.4
6.6
7.5
2.9
3.5
5.6
2.5
33.3
15.3
17.2
12.8
33.8
15.5
7.5
34.0
11.4
3.5
8.0
7.0
4.7
5.0
19.9
6.1
6.7
8.9
6.9
9.8
5.6
2.9
4.9
2.8
3.4
3.8
5.2
2.9
2.3
27.8
4.7
6.1
11.0
10.2
6.4
5.2
11.7
14.9
4.4
4.3
2.9
2.4
4.9
5.0
1.8
2.4
2.9
3.2
3.5
2.3
16.8
3.4
6.2
11.7
2.2
45.7
9.3
18.6
15.9
6.9
21.8
34.3
21.1
3.8
19.8
7.0
8.5
5.5
35.7
8.7
13.2
25.7
5.7
5.8
47.5
5.6
7.0
1.7
1.6
3.0
2.4
11.0
4.7
3.1
7.3
1.5
1.0
3.0
0.2
63.8
10.9
27.0
18.9
6.7
38.7
43.8
27.4
16.9
9.4
23.1
0.8
13.5
7.0
4.8
5.9
6.1
16.1
2.4
7.6
5.3
4.2
15.6
14.3
9.2
10.2
6.8
8.3
3.6
2.9
3.7
2.8
23.8
3.7
3.5
2.6
5.8
3.9
3.0
3.6
2.8
10.5
2.2
2.9
76.8
9.4
1.0
1.8
14.3
4.7
3.1
2.3
4.1
1.6
1.5
2.0
1.8
3.2
1.7
3.3
2.2
2.5
3.0
12.5
1.6
1.7
1.6
3.7
2.0
1.6
1.9
1.1
57.5
3.6
7.8
9.1
5.6
11.8
4.4
15.0
14.4
5.5
3.9
8.5
7.6
3.6
2.5
2.4
2.0
2.1
3.8
2.4
7.7
2.8
10.2
1.7
7.7
25.1
6.1
11.1
17.6
19.0
11.6
72.3
8.7
14.4
7.2
9.5
6.0
5.6
4.6
6.6
4.8
3.5
2.9
2.1
9.4
2.9
2.1
1.9
2.4
1.8
2.0
1.7
1.3
1.7
1.2
1.3
1.4
1.6
1.5
1.4
27.4
23.5
41.2
5.7
7.1
9.7
5.5
17.4
7.0
5.7
3.4
3.3
6.0
5.7
4.4
2.7
6.6
3.8
6.0
8.5
5.0
6.1
36.0
13.0
13.8
27.2
17.2
10.0
11.8
18.3
7.0
34.2
16.4
13.8
5.1
8.6
30.6
9.9
12.6
2.6
5.5
5.7
5.2
22.8
0.8
0.5
13.9
9.2
9.3
7.4
56.9
7.7
13.1
11.2
37.5
23.8
25.6
7.5
1.9
2.1
2.0
3.5
6.5
1.3
2.3
1.5
10.0
63.3
2.8
4.8
3.6
3.1
5.5
1.7
2.8
3.9
3.0
2.9
2.2
1.4
1.5
1.6
1.9
6.0
1.7
2.4
2.8
25.7
7.0
7.1
32.4
16.8
21.3
12.7
17.2
6.7
7.3
5.4
6.5
5.4
3.4
6.0
6.7
6.4
5.3
3.6
4.8
30.8
6.9
9.8
5.6
7.9
7.0
23.8
14.7
9.4
6.2
3.5
5.6
16.6
4.8
14.0
11.0
14.9
4.9
3.6
2.2
1.5
3.8
1.6
2.7
1.5
1.8
1.4
23.0
1.7
1.3
1.6
21.6
1.9
13.1
2.0
1.2
2.8
1.6
1.9
1.9
54.3
4.1
22.8
67.5
22.0
6.3
7.3
6.2
4.3
6.3
3.6
4.8
11.1
8.9
22.2
5.3
3.1
3.0
2.5
9.2
2.8
2.8
1.4
6.9
3.7
6.2
35.4
5.7
9.7
4.8
2.8
33.9
6.7
6.9
3.5
5.4
13.0
3.7
5.2
0.1
77.8
15.8
7.1
15.1
7.5
8.7
20.4
4.2
3.4
35.9
11.8
10.7
10.9
7.7
10.7
6.7
8.9
6.3
2.6
3.3
6.8
6.4
4.4
5.4
2.8
4.7
2.9
9.6
5.1
4.5
32.9
8.4
81.3
12.1
11.7
24.6
12.5
11.7
14.9
58.9
13.1
24.3
12.0
2.3
3.0
2.6
2.9
6.2
1.8
7.8
4.1
8.4
13.8
14.8
7.1
6.3
3.3
26.9
13.4
4.2
0.3
44.7
22.5
24.6
16.0
9.4
27.8
44.9
12.0
42.0
32.1
11.7
8.7
11.7
21.6
13.3
11.4
12.3
6.4
8.6
22.1
12.1
15.9
29.3
17.4
5.2
8.0
52.3
27.2
2.2
76.3
11.0
8.5
13.9
10.4
3.6
21.9
17.4
11.3
3.6
6.0
15.4
11.6
7.3
3.2
4.3
4.6
12.8
29.7
26.3
21.5
22.3
13.6
13.4
3.0
12.0
3.1
5.8
64.2
9.4
8.8
0.4
45.8
24.1
16.9
23.3
23.3
5.6
2.9
4.9
5.9
10.3
9.0
4.0
4.1
7.0
4.0
15.4
12.2
2.8
2.4
4.2
2.1
2.3
2.3
2.1
5.7
2.0
33.8
23.4
22.3
10.1
15.3
13.4
3.0
20.8
3.7
10.6
8.9
6.4
4.8
3.2
46.0
5.6
3.4
2.6
6.6
8.2
5.2
83.1
8.9
24.9
12.7
29.0
15.8
11.4
27.5
90.6
10.4
21.4
22.1
37.5
30.4
15.1
11.0
13.0
7.2
14.5
55.8
2.1
3.4
2.5
2.0
1.5
1.7
1.5
1.6
19.5
51.7
10.2
5.0
4.7
20.2
12.4
1.5
8.0
25.0
5.2
3.1
6.7
4.5
4.4
24.0
7.8
38.9
4.8
14.9
1.8
1.4
48.8
8.2
6.6
6.3
13.3
6.1
8.8
9.1
6.0
2.4
2.8
4.2
3.5
2.9
2.4
2.3
18.2
10.3
9.8
5.8
1.8
1.8
1.1
11.6
37.3
31.2
8.9
11.8
21.4
7.3
5.5
10.2
9.8
15.7
10.6
7.9
6.6
51.7
16.3
30.0
19.1
14.4
25.0
7.8
25.3
17.2
0.9
0.9
27.5
9.2
21.3
19.1
10.6
31.1
12.3
7.4
8.7
3.7
6.5
6.3
2.4
4.5
7.0
4.6
3.6
6.5
5.4
4.6
6.4
2.8
5.0
2.3
4.4
3.4
7.1
3.9
3.9
2.7
4.4
3.7
35.7
21.8
12.7
14.1
40.9
22.7
4.1
5.1
4.1
7.5
5.5
4.0
2.5
5.7
3.0
10.8
7.1
22.2
3.7
2.8
1.7
1.6
2.5
27.3
9.2
2.0
7.8
9.3
9.1
5.4
2.2
43.2
5.2
28.4
6.5
12.1
2.3
55.0
6.0
14.6
6.1
8.4
12.2
3.1
6.7
4.1
5.7
3.7
4.5
5.2
6.2
4.1
3.9
3.4
6.1
3.3
3.3
3.4
3.7
4.1
12.1
3.8
2.8
2.4
106.1
7.2
6.9
6.7
4.7
16.5
7.2
6.1
8.1
6.3
6.8
4.3
4.4
3.3
47.2
2.8
2.6
8.0
2.4
4.1
3.9
2.4
89.7
5.5
8.6
22.5
4.7
4.0
6.4
4.4
36.2
4.6
5.1
5.1
4.4
3.1
3.0
3.9
10.6
3.1
7.8
167.5
31.4
11.4
21.8
15.6
24.9
48.6
14.5
32.2
22.1
38.7
28.5
17.7
8.8
9.6
8.9
43.8
18.4
10.4
6.6
4.9
6.1
6.5
5.2
5.6
28.4
9.6
19.5
12.9
17.6
42.9
14.7
20.4
11.8
5.3
8.6
7.9
3.7
4.4
8.0
4.3
9.5
3.1
12.3
26.0
29.0
13.4
6.4
10.6
158.2
12.3
3.0
8.0
6.1
18.3
1.8
4.2
2.5
1.4
14.6
2.6
2.2
3.2
2.6
1.7
2.7
1.3
2.0
1.9
4.8
26.0
0.9
15.4
13.8
17.2
28.2
13.8
11.2
15.1
32.6
24.6
30.7
12.1
50.0
6.9
7.8
14.5
8.1
23.2
18.3
8.7
12.7
14.7
7.6
9.4
9.9
7.4
4.4
8.7
4.5
3.7
105.7
22.3
10.9
20.5
22.7
8.8
8.4
7.8
20.8
27.5
11.1
28.3
11.5
19.1
5.2
53.9
14.6
8.9
49.8
13.1
18.5
11.1
2.4
2.6
3.3
3.0
2.5
2.3
31.9
8.6
10.5
4.1
1.9
1.4
1.7
8.6
15.1
26.8
14.5
33.9
4.3
18.0
9.4
5.6
6.2
3.5
3.5
3.1
2.7
2.6
27.7
9.8
15.5
13.8
22.5
3.2
2.0
23.8
9.2
14.7
10.7
8.8
8.6
8.2
10.3
460.0
51.3
26.0
10.5
8.0
0.3
24.2
12.4
37.6
8.2
6.7
21.3
18.8
8.6
10.3
3.5
2.7
2.2
2.5
2.4
3.2
3.3
2.0
0.0
12.0
46.5
17.9
18.4
19.3
10.4
11.8
3.3
2.4
5.2
0.2
9.4
23.3
10.6
16.9
24.1
25.9
34.0
16.2
44.9
0.1
37.2
13.6
18.9
9.0
5.8
4.6
7.3
31.4
20.5
30.6
23.6
16.2
19.8
33.5
7.5
48.8
7.2
155.0
6.3
3.2
1.6
1.7
1.5
15.8
17.4
34.4
28.8
25.1
24.4
28.0
21.5
13.5
11.2
14.3
8.8
11.2
8.0
3.4
4.7
2.8
5.8
2.6
4.3
1.8
2.1
2.2
1.7
22.1
24.2
7.4
11.2
17.4
35.1
6.6
12.1
12.7
5.9
3.5
7.5
45.2
17.8
8.8
24.1
7.5
0.8
62.8
22.7
8.7
7.4
8.9
8.5
12.6
0.1
37.3
13.4
6.1
16.4
3.0
42.1
16.9
19.9
370.0
43.0
17.3
12.6
4.3
4.1
5.9
4.6
5.6
20.6
7.7
14.7
39.7
17.1
0.3
20.4
9.1
6.1
4.2
11.6
8.5
75.4
20.9
15.7
14.0
1.4
3.0
8.3
1.0
8.5
5.6
1.9
1.7
59.5
3.1
7.0
3.9
1.6
3.1
4.1
3.3
2.8
2.8
2.2
2.9
1250.0
0.4
15.4
3.3
3.1
11.0
7.5
44.1
7.5
6.4
13.8
7.6
26.7
3.1
3.1
1.6
0.2
12.8
2.2
0.0
0.0
6.6
1.2
33.4
8.8
7.2
10.5
15.6
11.4
34.2
2.1
2.8
1.4
1.8
2.1
2.2
2.1
1.7
2.4
2.0
1.4
3.1
2.3
2.8
1.4
2.6
2.2
2.9
2.5
2.2
23.9
9.6
12.5
15.7
19.5
64.9
23.5
22.2
56.1
12.9
15.4
12.9
9.7
8.3
13.8
7.5
31.6
7.1
10.6
9.3
9.6
2.2
8.6
7.8
10.7
18.3
0.2
16.1
10.1
16.7
8.8
18.9
15.0
0.3
54.9
31.6
18.3
10.2
8.8
11.8
6.9
35.8
3.9
10.2
9.6
10.8
7.9
4.7
5.6
7.8
6.6
4.1
7.4
12.6
3.8
21.9
16.2
4.5
10.2
7.8
7.1
4.0
4.1
4.8
7.3
4.0
3.4
4.4
2.9
64.9
26.6
8.0
8.5
9.8
11.4
32.1
9.2
8.6
4.7
7.1
4.6
20.1
2.9
3.3
2.3
2.5
1.3
1.6
1.8
26.9
21.2
17.2
12.3
23.8
34.3
24.3
17.9
10.9
14.8
13.2
27.4
11.6
8.8
12.4
12.5
34.9
10.2
20.6
8.2
6.3
8.3
6.4
29.3
8.4
6.4
6.6
5.0
6.1
3.7
5.1
13.9
3.1
4.1
3.9
24.1
2.5
2.8
2.5
1.8
4.4
31.1
25.4
21.2
82.2
6.7
5.5
5.0
4.1
7.1
10.6
3.2
7.5
7.5
0.5
35.8
10.0
8.0
8.5
4.2
3.7
3.3
3.4
1.8
1.9
1.7
1.4
2.2
5.8
2.0
3.2
2.7
1.7
2.2
26.4
8.8
20.5
5.2
9.0
0.1
0.5
21.1
7.2
10.4
12.4
7.7
16.4
5.0
29.6
10.0
63.6
24.6
12.0
16.6
8.1
6.1
7.4
3.8
4.2
2.5
3.5
2.3
2.4
2.0
2.6
2.1
18.5
2.1
1.4
16.7
2.2
21.3
19.9
5.1
6.1
4.5
11.3
4.4
4.9
3.1
2.9
1.4
1.8
2.0
2.9
3.4
2.3
2.1
2.5
4.5
1.9
3.2
7.7
2.5
4.1
6.2
20.3
6.4
14.0
2.7
7.0
7.8
15.8
12.5
17.8
10.8
10.1
6.4
4.2
4.3
3.1
4.9
9.6
28.7
3.7
5.1
4.3
2.8
7.1
3.0
3.4
2.4
2.4
2.1
4.3
9.9
8.4
11.3
9.4
18.2
19.7
11.5
14.4
2.1
3.8
6.1
17.0
31.2
22.6
12.2
15.6
21.6
30.0
9.2
20.9
15.3
28.0
15.7
12.1
20.6
8.9
15.4
6.6
14.7
18.5
5.7
5.2
3.0
6.7
12.3
27.3
10.0
1.8
2.7
2.5
3.5
1.8
4.8
2.3
5.3
38.5
7.9
4.2
8.6
1.1
1.9
4.1
8.8
3.2
1.9
9.0
2.6
2.8
2.6
49.3
4.1
11.1
6.1
9.6
2.8
1.8
4.0
17.8
16.5
33.2
17.7
11.0
58.6
23.7
56.9
5.9
8.8
43.2
14.1
11.6
8.8
9.5
13.2
12.4
10.8
42.0
19.1
10.2
17.0
8.1
7.6
16.4
26.1
11.0
8.7
9.9
25.7
15.6
17.1
2.6
1.7
1.5
1.9
1.1
26.9
7.7
6.1
17.3
12.3
4.4
2.8
6.5
34.2
10.1
8.5
25.3
6.3
14.8
12.0
6.5
15.4
5.2
3.4
5.2
3.7
1.6
3.6
2.6
2.9
2.0
6.0
2.0
1.9
43.8
1.8
3.5
8.8
22.1
8.6
5.6
3.7
350.0
0.4
0.3
12.5
2.9
2.1
1.6
1.8
1.3
1.5
0.2
4.3
1.9
2.2
38.1
18.1
80.0
27.5
17.2
9.2
17.6
32.8
21.4
19.2
22.1
23.7
16.2
92.2
6.0
6.1
350.0
14.3
12.2
3.4
5.6
2.6
2.3
2.3
3.4
2.0
1.8
2.5
1.5
1.6
1.4
42.6
14.5
6.8
3.6
13.0
6.4
8.3
3.8
5.3
3.2
3.5
10.1
2.3
1.7
7.1
9.9
1.9
10.3
5.9
10.9
11.7
10.5
8.0
10.9
4.5
10.1
2.4
1.4
1.6
10.2
8.6
2.1
9.1
1.1
1.3
1.3
1.6
28.5
20.6
3.8
16.8
10.7
4.0
19.6
85.3
7.6
3.7
3.4
12.5
4.5
2.0
4.1
0.1
32.5
14.2
3.4
16.5
9.8
10.1
9.1
8.8
23.0
7.8
12.9
1.9
2.5
2.0
1.0
1.2
1.2
2.9
0.6
67.1
5.6
4.5
6.3
8.2
5.9
2.7
3.9
3.2
3.4
2.8
2.1
2.8
2.5
4.1
2.3
5.0
5.6
3.8
2.2
16.0
5.8
11.5
4.5
120.2
9.2
9.4
11.5
8.9
7.4
21.7
15.2
7.9
7.5
21.1
12.6
56.7
7.9
11.4
16.4
24.0
22.2
22.2
17.4
16.6
23.7
8.1
9.2
18.9
23.2
11.7
23.1
16.5
0.1
15.5
16.7
26.6
10.6
53.7
22.6
20.0
23.5
5.7
42.3
10.3
8.5
6.2
8.1
8.0
9.9
4.8
4.1
5.8
3.4
4.7
17.3
46.8
11.0
12.5
23.4
27.9
51.3
30.5
15.1
10.0
22.5
0.1
37.5
29.7
15.6
33.3
4.6
2.6
12.4
17.3
4.8
8.2
6.7
8.3
9.4
4.2
16.2
21.3
6.5
5.8
2.9
2.1
2.4
3.1
7.8
49.1
48.1
12.8
11.4
10.7
3.2
17.2
3.3
3.4
4.8
4.5
5.0
13.3
9.3
3.2
2.9
2.9
18.9
2.1
2.9
3.9
4.0
22.0
10.7
36.8
6.2
15.6
10.1
12.5
5.8
3.1
9.3
47.9
15.6
25.9
15.7
17.4
7.6
19.2
4.9
7.0
5.1
3.9
3.2
8.3
16.0
4.7
5.1
4.5
4.3
2.3
7.4
3.1
8.3
4.1
3.2
0.0
33.3
2.0
4.9
3.9
8.2
70.6
5.0
9.7
16.0
4.0
4.5
8.6
8.7
8.2
2.9
2.8
2.7
2.9
2.5
5.5
3.7
44.3
20.0
8.1
7.8
18.4
11.0
50.4
12.8
8.7
23.9
10.8
8.7
31.4
6.8
1.1
46.0
17.4
29.3
0.8
35.3
7.2
6.6
1.0
3.3
4.7
4.2
8.0
250.0
86.4
7.9
12.8
18.6
11.3
11.0
2.3
32.3
10.3
25.7
6.4
19.0
11.8
15.2
0.1
48.9
8.8
29.6
47.1
15.4
11.6
7.5
11.8
26.2
10.6
6.9
24.9
10.3
61.4
6.5
1.9
1.7
7.3
21.2
12.3
4.9
2.6
2.2
1.3
1.3
32.1
0.3
26.4
20.4
13.4
10.4
17.4
19.3
15.0
56.7
22.5
8.9
47.3
15.4
43.6
17.1
19.7
6.1
3.9
4.9
3.1
3.2
2.5
2.7
2.4
3.7
2.4
4.1
1.7
14.1
5.2
6.2
22.9
6.2
8.3
20.7
50.4
9.9
8.0
7.7
15.7
6.8
4.2
8.4
3.5
9.5
9.9
4.1
4.3
4.2
8.3
5.8
3.5
3.5
4.9
3.3
2.5
3.8
2.8
5.2
2.7
3.9
29.7
6.8
3.8
9.0
15.1
4.5
2.9
2.3
2.9
18.2
2.9
3.1
2.4
1.9
33.4
16.6
8.0
11.9
9.3
13.2
26.6
17.0
11.5
15.8
33.3
7.7
12.7
12.1
6.6
11.4
7.1
9.3
15.3
32.0
32.7
11.7
8.6
9.4
19.8
13.7
9.8
9.9
17.1
21.3
11.6
5.5
8.3
8.4
3.7
4.7
5.8
6.4
3.1
3.1
2.4
4.1
1.6
2.9
4.5
3.7
15.5
8.9
2.5
11.2
2.8
1.8
7.0
0.1
13.5
7.6
6.4
44.6
8.3
8.6
9.4
16.0
5.2
13.6
5.5
5.7
13.2
4.4
10.9
4.3
14.0
3.5
4.9
5.8
3.7
2.9
4.2
3.2
12.9
2.8
7.6
1.3
1.2
1.2
2.9
3.9
14.9
13.6
3.2
4.0
20.4
5.0
15.3
4.8
2.2
2.8
2.0
2.9
1.4
1.6
58.6
4.1
9.8
27.6
16.3
22.3
15.9
7.0
6.7
18.8
48.1
9.6
15.2
30.9
26.9
16.2
16.7
9.3
93.2
14.4
109.5
12.9
37.4
41.7
18.9
42.1
17.0
24.7
18.0
0.5
20.1
5.7
10.9
29.2
4.7
3.9
43.4
8.1
11.9
4.8
19.4
5.4
4.5
5.4
3.0
3.7
2.1
5.7
3.9
4.4
5.9
3.7
3.2
4.5
6.9
51.7
16.9
11.9
58.8
21.6
7.2
4.9
6.2
7.8
13.9
3.6
7.1
11.2
4.5
12.8
50.7
15.4
18.0
38.7
3.9
17.5
5.0
0.3
35.7
5.9
3.8
14.8
22.6
9.8
4.7
5.0
34.3
17.7
15.1
6.1
14.5
12.1
14.2
2.8
2.9
5.3
4.2
7.8
2.4
39.5
5.7
15.2
9.9
7.5
16.4
4.1
4.0
3.2
6.0
2.7
4.0
5.7
6.9
2.2
2.9
5.6
19.8
17.4
10.5
11.0
5.1
93.3
12.3
20.3
11.7
12.0
16.1
27.0
6.1
33.4
22.0
17.9
14.5
9.0
9.2
5.7
8.7
7.0
9.6
5.6
7.2
11.9
6.0
9.3
25.3
8.5
15.4
13.2
19.0
16.7
38.7
10.9
41.0
11.9
9.2
13.9
15.4
14.7
16.2
2.3
23.8
3.1
12.2
2.4
13.5
4.8
3.3
5.2
3.6
33.4
30.6
33.4
11.9
31.6
13.8
12.1
10.7
10.5
10.3
4.5
12.0
7.1
5.2
17.6
3.1
3.2
10.3
8.9
1.7
7.4
12.4
2.8
2.5
1.9
1.8
63.0
14.8
14.5
22.8
