16.84
4.2
37.675
1
1
5.8
2.56
9.12
3.4
1.5
2.1
3.7
1.2
8.48
3.5
5.7
2.3
4.3
3.4
2.6
1.1
1.024
2.3
1.649
1.8
5.7
2.3
1.6
1.5
4.9
2.2
6.25
2.8
1.8
19
3.341
1.5
4.3
2.306
2.071
1
4
2.49
5.4
3.651
1.8
3.177
1.801
1.849
1.3
1.4
10.8
3.499
4.843
3.6
3.6
3.57
1.668
4.3
1.537
5.231
2.3
1.457
2.754
1.345
2.884
3.72
1.4
2.3
4.626
1.408
1.298
6.319
1.8
0.982
1.921
1.052
1.602
2.298
1.68
2.3
1.859
1.568
2.928
1.127
1.617
3.698
1
2.104
1.316
3.621
1.298
1.663
2.06
4.106
1.87
2.885
1.819
3.183
1.572
2.716
3.687
2.793
1.098
3.21
5.683
5.4
1.172
1.802
2
2.339
2.517
1.554
2.131
0.954
1.641
1.059
1
6.742
1.75
7
1.233
1.189
1.349
1.567
1.306
1.484
2.864
1.222
1.317
2.301
0.994
3.512
1.794
1.182
1.65
1.1
2.506
2.23
3.484
2.272
2.028
1.14
1.462
2.22
1.245
2.102
1.348
1.165
1.823
1.948
1.371
5.748
2.038
5.067
1.407
2.233
1.748
0.968
3.605
1.115
1.4
2.7
1.809
1.174
1.282
1.946
1.423
3.006
3.618
3.398
1.055
1.265
1.228
2.243
0.97
1.372
3.518
1.085
0.965
1.222
1.126
2.586
1.263
1.034
1.232
1.595
2.137
2.24
1.4
4.167
1.022
1.646
1.327
1.289
3.16
2.441
2
1.759
1.119
1.098
1.06
1.109
1.769
2.324
1.784
1.156
1.845
3.07
2.62
1.9
1.959
1.01
1.048
1.406
4.299
3.945
1.086
1.682
3.449
2.343
1.717
1.138
1.196
1.039
2.039
1.451
3.041
1.045
1.244
1.861
1.261
2.423
1.075
1.4
1.237
1.651
1.166
1.522
1.123
2.9
1.024
1.136
1.47
1.548
1.687
2.914
1.989
2.123
1.655
2.358
4.726
2.907
1.201
1.617
4.444
1.483
2.381
3.5
1.528
1.034
1.72
1.236
1.044
1.199
1.504
2.054
1.666
0.993
1.252
1.632
1.17
1.142
1.012
1.275
1.42
1.377
1.081
1.77
1.199
1.071
1.876
1.105
1.047
1.515
1.137
1.05
0.986
1.312
3.2
1.359
1.597
0.964
1.06
2.75
1.745
1.218
1.18
1.339
4.2
1.887
1.032
1.457
1.237
1.258
2.16
1.9
1.974
2.866
0.996
1.8
1.466
1.072
2.538
2.292
1.93
1.432
0.982
2.314
2.525
2.498
1.275
1.266
1.15
0.997
2.159
2.773
1.82
1.078
2.226
2.246
2.003
3.316
2.098
1.25
2.188
2.72
1.514
2.249
2.959
1.082
1.625
1.242
1.958
1.102
1.847
1.109
2.073
2.49
1.451
1.488
0.991
1.855
1.039
1.52
1.084
1.531
1.202
2.177
1.492
0.971
1.284
1.647
1.195
1.451
5.272
1.824
1.851
1.778
1.77
1.434
0.955
1.129
1.507
0.962
1.258
1.316
1.201
1.847
0.965
1.415
1.671
3.681
1.168
1.127
2.055
1.629
1.947
1.188
2.264
2.156
1.122
0.994
3.079
1.252
0.975
4.613
1.724
2.082
3.33
2.009
1.784
1.387
2.923
1.198
1.349
2.443
1.757
0.986
1.248
1.115
1.288
1.184
1.417
1.266
1.403
1.374
1.008
1.214
1.99
1.317
1.177
1.349
1.862
1.246
2.73
1.391
1.082
